{
    "rotate": {
        "type_id": "opencv-matrix",
        "rows": 3,
        "cols": 3,
        "dt": "d",
        "data": [ -9.9727461278682705e-01, 6.3276655708104770e-02,
            3.7939577399885918e-02, 2.7457521625328857e-02,
            7.9560710824834491e-01, -6.0519039467831970e-01,
            -6.8479421705199592e-02, -6.0249928974821509e-01,
            -7.9517619095129954e-01 ]
    },
    "translation": {
        "type_id": "opencv-matrix",
        "rows": 3,
        "cols": 1,
        "dt": "d",
        "data": [ 4.9826823007030002e-01, -1.9004674376059072e-02,
            5.0618418200240478e-01 ]
    }
}
