%YAML:1.0
---
rotate: !!opencv-matrix
   rows: 3
   cols: 3
   dt: d
   data: [ -2.4684455944003658e-01, 8.2583967558151339e-01,
       -5.0700748881084090e-01, -8.8023757115112899e-01,
       -4.0989431276953625e-01, -2.3909929044886497e-01,
       -4.0527716665118863e-01, 3.8726668149301241e-01,
       8.2811529124668048e-01 ]
translation: !!opencv-matrix
   rows: 3
   cols: 1
   dt: d
   data: [ 2.1791766034567403e-01, 1.3386412607216103e-01,
       -6.5332707087160631e-04 ]
