%YAML:1.0
---
rotate: !!opencv-matrix
   rows: 3
   cols: 3
   dt: d
   data: [ 1., -3.6150605574841137e-17, -2.1704603736001180e-17,
       3.6150605574841137e-17, 1., 1.8187024987649827e-17,
       2.1704603736001180e-17, -1.8187024987649827e-17, 1. ]
translation: !!opencv-matrix
   rows: 3
   cols: 1
   dt: d
   data: [ 1.6220271338330908e-01, -1.1080499542257255e-02,
       -3.6613270588242225e-01 ]
