%YAML:1.0
---
rotate: !!opencv-matrix
   rows: 3
   cols: 3
   dt: d
   data: [ -4.2560904734664651e-01, -3.3096517072017051e-02,
       -9.0430169709803243e-01, 9.0485368623551476e-01,
       -2.6427776840995509e-02, -4.2490161110219760e-01,
       -9.8359200220690668e-03, -9.9910269400544827e-01,
       4.1195406398957246e-02 ]
translation: !!opencv-matrix
   rows: 3
   cols: 1
   dt: d
   data: [ 1.0471901068935308e-02, 3.1892222725255998e-01,
       4.3765204633517751e-01 ]
