%YAML:1.0
---
rotate: !!opencv-matrix
   rows: 3
   cols: 3
   dt: d
   data: [ -6.4289414666334288e-01, 2.4356382363838247e-02,
       -7.6556768663793440e-01, 7.6561504807740155e-01,
       -9.3425864149669913e-03, -6.4323115148173349e-01,
       -2.2819166142742375e-02, -9.9965968345093592e-01,
       -1.2641318733602969e-02 ]
translation: !!opencv-matrix
   rows: 3
   cols: 1
   dt: d
   data: [ -4.2777933619045611e-02, 4.6623688341136749e-01,
       4.3181519959551240e-01 ]
