%YAML:1.0
---
cameraMatrix: !!opencv-matrix
   rows: 3
   cols: 3
   dt: d
   data: [ 1.3520829045936625e+03, 0., 9.7236559955510688e+02, 0.,
       1.3516769729483949e+03, 5.3251092360863220e+02, 0., 0., 1. ]
distCoeffs: [ 1.7430679737440996e-01, -5.2133325727871516e-01,
    -4.9271108666119204e-03, -4.0910452490579443e-04,
    4.5368157724326091e-01 ]
