%YAML:1.0
---
cameraMatrix: !!opencv-matrix
   rows: 3
   cols: 3
   dt: d
   data: [ 1.3749057369697680e+03, 0., 9.9163322345651363e+02, 0.,
       1.3735290352773734e+03, 5.4349609007460981e+02, 0., 0., 1. ]
distCoeffs: [ 1.1533988223646208e-01, 1.1253570722106783e-01,
    4.1581056409001520e-03, 4.6587688708359899e-03,
    -1.4488067553631316e+00 ]
