%YAML:1.0
---
rotate: !!opencv-matrix
   rows: 3
   cols: 3
   dt: d
   data: [ -9.9786987385731107e-01, 5.6897475620595883e-02,
       3.1912256516860707e-02, 2.5683067851948724e-02,
       7.9231943116960468e-01, -6.0956566423707514e-01,
       -5.9967448450858898e-02, -6.0744760783056695e-01,
       -7.9209299256287791e-01 ]
translation: !!opencv-matrix
   rows: 3
   cols: 1
   dt: d
   data: [ 5.0229186095227285e-01, -1.4774541943087201e-02,
       5.0430605719360400e-01 ]
