%YAML:1.0
---
rotate: !!opencv-matrix
   rows: 3
   cols: 3
   dt: d
   data: [ -9.9796571565313563e-01, 4.4802054103976488e-02,
       4.5356436467046748e-02, 7.8417470111207602e-03,
       7.9230233189874100e-01, -6.1007829159185023e-01,
       -6.3268771007017860e-02, -6.0848154517280262e-01,
       -7.9104189004083736e-01 ]
translation: !!opencv-matrix
   rows: 3
   cols: 1
   dt: d
   data: [ 5.0209643524919423e-01, -1.0298136667468909e-02,
       5.0473151023830354e-01 ]
