%YAML:1.0
---
rotate: !!opencv-matrix
   rows: 3
   cols: 3
   dt: d
   data: [ 1., 3.0153146831028284e-17, 9.6552819152403475e-19,
       -3.0153146831028284e-17, 1., -1.3284454393924732e-17,
       -9.6552819152403513e-19, 1.3284454393924732e-17, 1. ]
translation: !!opencv-matrix
   rows: 3
   cols: 1
   dt: d
   data: [ 0., 8.1122380128175400e+12, 9.1835726641497441e+12 ]
